2
64 64
0 -0.39347  -0.63212  -0.77687  -0.86466  -0.91792  -0.95021  -0.9698 -0.98168  -0.98889  -0.99326  -0.99591  -0.99752  -0.9985 -0.99909  -0.99945  -0.99966  -0.9998 -0.99988  -0.99993  -0.99995  -0.99993  -0.99988  -0.9998 -0.99966  -0.99945  -0.99909  -0.9985 -0.99752  -0.99591  -0.99326  -0.98889  -0.98168  -0.9698 -0.95021  -0.91792  -0.86466  -0.77687  -0.63212  -0.39347  0 0.39347 0.63212 0.77687 0.86466 0.91792 0.95021 0.9698  0.98168 0.98889 0.99326 0.99591 0.99752 0.9985  0.99909 0.99945 0.99966 0.9998  0.99988 0.99993 0.99995 0.99993 0.99988 0.9998
-0.39347  -0.78694  -1.02559  -1.17034  -1.25813  -1.31138  -1.34368  -1.36327  -1.37515  -1.38236  -1.38673  -1.38938  -1.39099  -1.39197  -1.39256  -1.39292  -1.39313  -1.39327  -1.39335  -1.39339  -1.39342  -1.39339  -1.39335  -1.39327  -1.39313  -1.39292  -1.39256  -1.39197  -1.39099  -1.38938  -1.38673  -1.38236  -1.37515  -1.36327  -1.34368  -1.31138  -1.25813  -1.17034  -1.02559  -0.78694  0.39347 0.78694 1.02559 1.17034 1.25813 1.31138 1.34368 1.36327 1.37515 1.38236 1.38673 1.38938 1.39099 1.39197 1.39256 1.39292 1.39313 1.39327 1.39335 1.39339 1.39342 1.39339 1.39335 1.39327
-0.63212  -1.02559  -1.26424  -1.40899  -1.49679  -1.55004  -1.58233  -1.60192  -1.6138 -1.62101  -1.62538  -1.62803  -1.62964  -1.63062  -1.63121  -1.63157  -1.63179  -1.63192  -1.632  -1.63205  -1.63208  -1.63205  -1.632  -1.63192  -1.63179  -1.63157  -1.63121  -1.63062  -1.62964  -1.62803  -1.62538  -1.62101  -1.6138 -1.60192  -1.58233  -1.55004  -1.49679  -1.40899  -1.26424  -1.02559  0.63212 1.02559 1.26424 1.40899 1.49679 1.55004 1.58233 1.60192 1.6138  1.62101 1.62538 1.62803 1.62964 1.63062 1.63121 1.63157 1.63179 1.63192 1.632 1.63205 1.63208 1.63205 1.632 1.63192
-0.77687  -1.17034  -1.40899  -1.55374  -1.64153  -1.69478  -1.72708  -1.74667  -1.75855  -1.76576  -1.77013  -1.77278  -1.77439  -1.77537  -1.77596  -1.77632  -1.77653  -1.77667  -1.77675  -1.77679  -1.77682  -1.77679  -1.77675  -1.77667  -1.77653  -1.77632  -1.77596  -1.77537  -1.77439  -1.77278  -1.77013  -1.76576  -1.75855  -1.74667  -1.72708  -1.69478  -1.64153  -1.55374  -1.40899  -1.17034  0.77687 1.17034 1.40899 1.55374 1.64153 1.69478 1.72708 1.74667 1.75855 1.76576 1.77013 1.77278 1.77439 1.77537 1.77596 1.77632 1.77653 1.77667 1.77675 1.77679 1.77682 1.77679 1.77675 1.77667
-0.86466  -1.25813  -1.49679  -1.64153  -1.72933  -1.78258  -1.81488  -1.83447  -1.84635  -1.85356  -1.85793  -1.86058  -1.86219  -1.86316  -1.86375  -1.86411  -1.86433  -1.86446  -1.86454  -1.86459  -1.86462  -1.86459  -1.86454  -1.86446  -1.86433  -1.86411  -1.86375  -1.86316  -1.86219  -1.86058  -1.85793  -1.85356  -1.84635  -1.83447  -1.81488  -1.78258  -1.72933  -1.64153  -1.49679  -1.25813  0.86466 1.25813 1.49679 1.64153 1.72933 1.78258 1.81488 1.83447 1.84635 1.85356 1.85793 1.86058 1.86219 1.86316 1.86375 1.86411 1.86433 1.86446 1.86454 1.86459 1.86462 1.86459 1.86454 1.86446
-0.91792  -1.31138  -1.55004  -1.69478  -1.78258  -1.83583  -1.86813  -1.88772  -1.8996 -1.90681  -1.91118  -1.91383  -1.91544  -1.91641  -1.917  -1.91736  -1.91758  -1.91771  -1.91779  -1.91784  -1.91787  -1.91784  -1.91779  -1.91771  -1.91758  -1.91736  -1.917  -1.91641  -1.91544  -1.91383  -1.91118  -1.90681  -1.8996 -1.88772  -1.86813  -1.83583  -1.78258  -1.69478  -1.55004  -1.31138  0.91792 1.31138 1.55004 1.69478 1.78258 1.83583 1.86813 1.88772 1.8996  1.90681 1.91118 1.91383 1.91544 1.91641 1.917 1.91736 1.91758 1.91771 1.91779 1.91784 1.91787 1.91784 1.91779 1.91771
-0.95021  -1.34368  -1.58233  -1.72708  -1.81488  -1.86813  -1.90043  -1.92002  -1.9319 -1.9391 -1.94347  -1.94613  -1.94773  -1.94871  -1.9493 -1.94966  -1.94988  -1.95001  -1.95009  -1.95014  -1.95017  -1.95014  -1.95009  -1.95001  -1.94988  -1.94966  -1.9493 -1.94871  -1.94773  -1.94613  -1.94347  -1.9391 -1.9319 -1.92002  -1.90043  -1.86813  -1.81488  -1.72708  -1.58233  -1.34368  0.95021 1.34368 1.58233 1.72708 1.81488 1.86813 1.90043 1.92002 1.9319  1.9391  1.94347 1.94613 1.94773 1.94871 1.9493  1.94966 1.94988 1.95001 1.95009 1.95014 1.95017 1.95014 1.95009 1.95001
-0.9698 -1.36327  -1.60192  -1.74667  -1.83447  -1.88772  -1.92002  -1.93961  -1.95149  -1.95869  -1.96306  -1.96572  -1.96732  -1.9683 -1.96889  -1.96925  -1.96947  -1.9696 -1.96968  -1.96973  -1.96976  -1.96973  -1.96968  -1.9696 -1.96947  -1.96925  -1.96889  -1.9683 -1.96732  -1.96572  -1.96306  -1.95869  -1.95149  -1.93961  -1.92002  -1.88772  -1.83447  -1.74667  -1.60192  -1.36327  0.9698  1.36327 1.60192 1.74667 1.83447 1.88772 1.92002 1.93961 1.95149 1.95869 1.96306 1.96572 1.96732 1.9683  1.96889 1.96925 1.96947 1.9696  1.96968 1.96973 1.96976 1.96973 1.96968 1.9696
-0.98168  -1.37515  -1.6138 -1.75855  -1.84635  -1.8996 -1.9319 -1.95149  -1.96337  -1.97058  -1.97495  -1.9776 -1.97921  -1.98018  -1.98077  -1.98113  -1.98135  -1.98148  -1.98156  -1.98161  -1.98164  -1.98161  -1.98156  -1.98148  -1.98135  -1.98113  -1.98077  -1.98018  -1.97921  -1.9776 -1.97495  -1.97058  -1.96337  -1.95149  -1.9319 -1.8996 -1.84635  -1.75855  -1.6138 -1.37515  0.98168 1.37515 1.6138  1.75855 1.84635 1.8996  1.9319  1.95149 1.96337 1.97058 1.97495 1.9776  1.97921 1.98018 1.98077 1.98113 1.98135 1.98148 1.98156 1.98161 1.98164 1.98161 1.98156 1.98148
-0.9698 -1.36327  -1.60192  -1.74667  -1.83447  -1.88772  -1.92002  -1.93961  -1.95149  -1.95869  -1.96306  -1.96572  -1.96732  -1.9683 -1.96889  -1.96925  -1.96947  -1.9696 -1.96968  -1.96973  -1.96976  -1.96973  -1.96968  -1.9696 -1.96947  -1.96925  -1.96889  -1.9683 -1.96732  -1.96572  -1.96306  -1.95869  -1.95149  -1.93961  -1.92002  -1.88772  -1.83447  -1.74667  -1.60192  -1.36327  0.9698  1.36327 1.60192 1.74667 1.83447 1.88772 1.92002 1.93961 1.95149 1.95869 1.96306 1.96572 1.96732 1.9683  1.96889 1.96925 1.96947 1.9696  1.96968 1.96973 1.96976 1.96973 1.96968 1.9696
-0.95021  -1.34368  -1.58233  -1.72708  -1.81488  -1.86813  -1.90043  -1.92002  -1.9319 -1.9391 -1.94347  -1.94613  -1.94773  -1.94871  -1.9493 -1.94966  -1.94988  -1.95001  -1.95009  -1.95014  -1.95017  -1.95014  -1.95009  -1.95001  -1.94988  -1.94966  -1.9493 -1.94871  -1.94773  -1.94613  -1.94347  -1.9391 -1.9319 -1.92002  -1.90043  -1.86813  -1.81488  -1.72708  -1.58233  -1.34368  0.95021 1.34368 1.58233 1.72708 1.81488 1.86813 1.90043 1.92002 1.9319  1.9391  1.94347 1.94613 1.94773 1.94871 1.9493  1.94966 1.94988 1.95001 1.95009 1.95014 1.95017 1.95014 1.95009 1.95001
-0.91792  -1.31138  -1.55004  -1.69478  -1.78258  -1.83583  -1.86813  -1.88772  -1.8996 -1.90681  -1.91118  -1.91383  -1.91544  -1.91641  -1.917  -1.91736  -1.91758  -1.91771  -1.91779  -1.91784  -1.91787  -1.91784  -1.91779  -1.91771  -1.91758  -1.91736  -1.917  -1.91641  -1.91544  -1.91383  -1.91118  -1.90681  -1.8996 -1.88772  -1.86813  -1.83583  -1.78258  -1.69478  -1.55004  -1.31138  0.91792 1.31138 1.55004 1.69478 1.78258 1.83583 1.86813 1.88772 1.8996  1.90681 1.91118 1.91383 1.91544 1.91641 1.917 1.91736 1.91758 1.91771 1.91779 1.91784 1.91787 1.91784 1.91779 1.91771
-0.86466  -1.25813  -1.49679  -1.64153  -1.72933  -1.78258  -1.81488  -1.83447  -1.84635  -1.85356  -1.85793  -1.86058  -1.86219  -1.86316  -1.86375  -1.86411  -1.86433  -1.86446  -1.86454  -1.86459  -1.86462  -1.86459  -1.86454  -1.86446  -1.86433  -1.86411  -1.86375  -1.86316  -1.86219  -1.86058  -1.85793  -1.85356  -1.84635  -1.83447  -1.81488  -1.78258  -1.72933  -1.64153  -1.49679  -1.25813  0.86466 1.25813 1.49679 1.64153 1.72933 1.78258 1.81488 1.83447 1.84635 1.85356 1.85793 1.86058 1.86219 1.86316 1.86375 1.86411 1.86433 1.86446 1.86454 1.86459 1.86462 1.86459 1.86454 1.86446
-0.77687  -1.17034  -1.40899  -1.55374  -1.64153  -1.69478  -1.72708  -1.74667  -1.75855  -1.76576  -1.77013  -1.77278  -1.77439  -1.77537  -1.77596  -1.77632  -1.77653  -1.77667  -1.77675  -1.77679  -1.77682  -1.77679  -1.77675  -1.77667  -1.77653  -1.77632  -1.77596  -1.77537  -1.77439  -1.77278  -1.77013  -1.76576  -1.75855  -1.74667  -1.72708  -1.69478  -1.64153  -1.55374  -1.40899  -1.17034  0.77687 1.17034 1.40899 1.55374 1.64153 1.69478 1.72708 1.74667 1.75855 1.76576 1.77013 1.77278 1.77439 1.77537 1.77596 1.77632 1.77653 1.77667 1.77675 1.77679 1.77682 1.77679 1.77675 1.77667
-0.63212  -1.02559  -1.26424  -1.40899  -1.49679  -1.55004  -1.58233  -1.60192  -1.6138 -1.62101  -1.62538  -1.62803  -1.62964  -1.63062  -1.63121  -1.63157  -1.63179  -1.63192  -1.632  -1.63205  -1.63208  -1.63205  -1.632  -1.63192  -1.63179  -1.63157  -1.63121  -1.63062  -1.62964  -1.62803  -1.62538  -1.62101  -1.6138 -1.60192  -1.58233  -1.55004  -1.49679  -1.40899  -1.26424  -1.02559  0.63212 1.02559 1.26424 1.40899 1.49679 1.55004 1.58233 1.60192 1.6138  1.62101 1.62538 1.62803 1.62964 1.63062 1.63121 1.63157 1.63179 1.63192 1.632 1.63205 1.63208 1.63205 1.632 1.63192
-0.39347  -0.78694  -1.02559  -1.17034  -1.25813  -1.31138  -1.34368  -1.36327  -1.37515  -1.38236  -1.38673  -1.38938  -1.39099  -1.39197  -1.39256  -1.39292  -1.39313  -1.39327  -1.39335  -1.39339  -1.39342  -1.39339  -1.39335  -1.39327  -1.39313  -1.39292  -1.39256  -1.39197  -1.39099  -1.38938  -1.38673  -1.38236  -1.37515  -1.36327  -1.34368  -1.31138  -1.25813  -1.17034  -1.02559  -0.78694  0.39347 0.78694 1.02559 1.17034 1.25813 1.31138 1.34368 1.36327 1.37515 1.38236 1.38673 1.38938 1.39099 1.39197 1.39256 1.39292 1.39313 1.39327 1.39335 1.39339 1.39342 1.39339 1.39335 1.39327
0 0.39347 0.63212 0.77687 0.86466 0.91792 0.95021 0.9698  0.98168 0.98889 0.99326 0.99591 0.99752 0.9985  0.99909 0.99945 0.99966 0.9998  0.99988 0.99993 0.99995 0.99993 0.99988 0.9998  0.99966 0.99945 0.99909 0.9985  0.99752 0.99591 0.99326 0.98889 0.98168 0.9698  0.95021 0.91792 0.86466 0.77687 0.63212 0.39347 0 -0.39347  -0.63212  -0.77687  -0.86466  -0.91792  -0.95021  -0.9698 -0.98168  -0.98889  -0.99326  -0.99591  -0.99752  -0.9985 -0.99909  -0.99945  -0.99966  -0.9998 -0.99988  -0.99993  -0.99995  -0.99993  -0.99988  -0.9998
0.39347 0.78694 1.02559 1.17034 1.25813 1.31138 1.34368 1.36327 1.37515 1.38236 1.38673 1.38938 1.39099 1.39197 1.39256 1.39292 1.39313 1.39327 1.39335 1.39339 1.39342 1.39339 1.39335 1.39327 1.39313 1.39292 1.39256 1.39197 1.39099 1.38938 1.38673 1.38236 1.37515 1.36327 1.34368 1.31138 1.25813 1.17034 1.02559 0.78694 -0.39347  -0.78694  -1.02559  -1.17034  -1.25813  -1.31138  -1.34368  -1.36327  -1.37515  -1.38236  -1.38673  -1.38938  -1.39099  -1.39197  -1.39256  -1.39292  -1.39313  -1.39327  -1.39335  -1.39339  -1.39342  -1.39339  -1.39335  -1.39327
0.63212 1.02559 1.26424 1.40899 1.49679 1.55004 1.58233 1.60192 1.6138  1.62101 1.62538 1.62803 1.62964 1.63062 1.63121 1.63157 1.63179 1.63192 1.632 1.63205 1.63208 1.63205 1.632 1.63192 1.63179 1.63157 1.63121 1.63062 1.62964 1.62803 1.62538 1.62101 1.6138  1.60192 1.58233 1.55004 1.49679 1.40899 1.26424 1.02559 -0.63212  -1.02559  -1.26424  -1.40899  -1.49679  -1.55004  -1.58233  -1.60192  -1.6138 -1.62101  -1.62538  -1.62803  -1.62964  -1.63062  -1.63121  -1.63157  -1.63179  -1.63192  -1.632  -1.63205  -1.63208  -1.63205  -1.632  -1.63192
0.77687 1.17034 1.40899 1.55374 1.64153 1.69478 1.72708 1.74667 1.75855 1.76576 1.77013 1.77278 1.77439 1.77537 1.77596 1.77632 1.77653 1.77667 1.77675 1.77679 1.77682 1.77679 1.77675 1.77667 1.77653 1.77632 1.77596 1.77537 1.77439 1.77278 1.77013 1.76576 1.75855 1.74667 1.72708 1.69478 1.64153 1.55374 1.40899 1.17034 -0.77687  -1.17034  -1.40899  -1.55374  -1.64153  -1.69478  -1.72708  -1.74667  -1.75855  -1.76576  -1.77013  -1.77278  -1.77439  -1.77537  -1.77596  -1.77632  -1.77653  -1.77667  -1.77675  -1.77679  -1.77682  -1.77679  -1.77675  -1.77667
0.86466 1.25813 1.49679 1.64153 1.72933 1.78258 1.81488 1.83447 1.84635 1.85356 1.85793 1.86058 1.86219 1.86316 1.86375 1.86411 1.86433 1.86446 1.86454 1.86459 1.86462 1.86459 1.86454 1.86446 1.86433 1.86411 1.86375 1.86316 1.86219 1.86058 1.85793 1.85356 1.84635 1.83447 1.81488 1.78258 1.72933 1.64153 1.49679 1.25813 -0.86466  -1.25813  -1.49679  -1.64153  -1.72933  -1.78258  -1.81488  -1.83447  -1.84635  -1.85356  -1.85793  -1.86058  -1.86219  -1.86316  -1.86375  -1.86411  -1.86433  -1.86446  -1.86454  -1.86459  -1.86462  -1.86459  -1.86454  -1.86446
0.91792 1.31138 1.55004 1.69478 1.78258 1.83583 1.86813 1.88772 1.8996  1.90681 1.91118 1.91383 1.91544 1.91641 1.917 1.91736 1.91758 1.91771 1.91779 1.91784 1.91787 1.91784 1.91779 1.91771 1.91758 1.91736 1.917 1.91641 1.91544 1.91383 1.91118 1.90681 1.8996  1.88772 1.86813 1.83583 1.78258 1.69478 1.55004 1.31138 -0.91792  -1.31138  -1.55004  -1.69478  -1.78258  -1.83583  -1.86813  -1.88772  -1.8996 -1.90681  -1.91118  -1.91383  -1.91544  -1.91641  -1.917  -1.91736  -1.91758  -1.91771  -1.91779  -1.91784  -1.91787  -1.91784  -1.91779  -1.91771
0.95021 1.34368 1.58233 1.72708 1.81488 1.86813 1.90043 1.92002 1.9319  1.9391  1.94347 1.94613 1.94773 1.94871 1.9493  1.94966 1.94988 1.95001 1.95009 1.95014 1.95017 1.95014 1.95009 1.95001 1.94988 1.94966 1.9493  1.94871 1.94773 1.94613 1.94347 1.9391  1.9319  1.92002 1.90043 1.86813 1.81488 1.72708 1.58233 1.34368 -0.95021  -1.34368  -1.58233  -1.72708  -1.81488  -1.86813  -1.90043  -1.92002  -1.9319 -1.9391 -1.94347  -1.94613  -1.94773  -1.94871  -1.9493 -1.94966  -1.94988  -1.95001  -1.95009  -1.95014  -1.95017  -1.95014  -1.95009  -1.95001
0.9698  1.36327 1.60192 1.74667 1.83447 1.88772 1.92002 1.93961 1.95149 1.95869 1.96306 1.96572 1.96732 1.9683  1.96889 1.96925 1.96947 1.9696  1.96968 1.96973 1.96976 1.96973 1.96968 1.9696  1.96947 1.96925 1.96889 1.9683  1.96732 1.96572 1.96306 1.95869 1.95149 1.93961 1.92002 1.88772 1.83447 1.74667 1.60192 1.36327 -0.9698 -1.36327  -1.60192  -1.74667  -1.83447  -1.88772  -1.92002  -1.93961  -1.95149  -1.95869  -1.96306  -1.96572  -1.96732  -1.9683 -1.96889  -1.96925  -1.96947  -1.9696 -1.96968  -1.96973  -1.96976  -1.96973  -1.96968  -1.9696
0.98168 1.37515 1.6138  1.75855 1.84635 1.8996  1.9319  1.95149 1.96337 1.97058 1.97495 1.9776  1.97921 1.98018 1.98077 1.98113 1.98135 1.98148 1.98156 1.98161 1.98164 1.98161 1.98156 1.98148 1.98135 1.98113 1.98077 1.98018 1.97921 1.9776  1.97495 1.97058 1.96337 1.95149 1.9319  1.8996  1.84635 1.75855 1.6138  1.37515 -0.98168  -1.37515  -1.6138 -1.75855  -1.84635  -1.8996 -1.9319 -1.95149  -1.96337  -1.97058  -1.97495  -1.9776 -1.97921  -1.98018  -1.98077  -1.98113  -1.98135  -1.98148  -1.98156  -1.98161  -1.98164  -1.98161  -1.98156  -1.98148
0.9698  1.36327 1.60192 1.74667 1.83447 1.88772 1.92002 1.93961 1.95149 1.95869 1.96306 1.96572 1.96732 1.9683  1.96889 1.96925 1.96947 1.9696  1.96968 1.96973 1.96976 1.96973 1.96968 1.9696  1.96947 1.96925 1.96889 1.9683  1.96732 1.96572 1.96306 1.95869 1.95149 1.93961 1.92002 1.88772 1.83447 1.74667 1.60192 1.36327 -0.9698 -1.36327  -1.60192  -1.74667  -1.83447  -1.88772  -1.92002  -1.93961  -1.95149  -1.95869  -1.96306  -1.96572  -1.96732  -1.9683 -1.96889  -1.96925  -1.96947  -1.9696 -1.96968  -1.96973  -1.96976  -1.96973  -1.96968  -1.9696
0.95021 1.34368 1.58233 1.72708 1.81488 1.86813 1.90043 1.92002 1.9319  1.9391  1.94347 1.94613 1.94773 1.94871 1.9493  1.94966 1.94988 1.95001 1.95009 1.95014 1.95017 1.95014 1.95009 1.95001 1.94988 1.94966 1.9493  1.94871 1.94773 1.94613 1.94347 1.9391  1.9319  1.92002 1.90043 1.86813 1.81488 1.72708 1.58233 1.34368 -0.95021  -1.34368  -1.58233  -1.72708  -1.81488  -1.86813  -1.90043  -1.92002  -1.9319 -1.9391 -1.94347  -1.94613  -1.94773  -1.94871  -1.9493 -1.94966  -1.94988  -1.95001  -1.95009  -1.95014  -1.95017  -1.95014  -1.95009  -1.95001
0.91792 1.31138 1.55004 1.69478 1.78258 1.83583 1.86813 1.88772 1.8996  1.90681 1.91118 1.91383 1.91544 1.91641 1.917 1.91736 1.91758 1.91771 1.91779 1.91784 1.91787 1.91784 1.91779 1.91771 1.91758 1.91736 1.917 1.91641 1.91544 1.91383 1.91118 1.90681 1.8996  1.88772 1.86813 1.83583 1.78258 1.69478 1.55004 1.31138 -0.91792  -1.31138  -1.55004  -1.69478  -1.78258  -1.83583  -1.86813  -1.88772  -1.8996 -1.90681  -1.91118  -1.91383  -1.91544  -1.91641  -1.917  -1.91736  -1.91758  -1.91771  -1.91779  -1.91784  -1.91787  -1.91784  -1.91779  -1.91771
0.86466 1.25813 1.49679 1.64153 1.72933 1.78258 1.81488 1.83447 1.84635 1.85356 1.85793 1.86058 1.86219 1.86316 1.86375 1.86411 1.86433 1.86446 1.86454 1.86459 1.86462 1.86459 1.86454 1.86446 1.86433 1.86411 1.86375 1.86316 1.86219 1.86058 1.85793 1.85356 1.84635 1.83447 1.81488 1.78258 1.72933 1.64153 1.49679 1.25813 -0.86466  -1.25813  -1.49679  -1.64153  -1.72933  -1.78258  -1.81488  -1.83447  -1.84635  -1.85356  -1.85793  -1.86058  -1.86219  -1.86316  -1.86375  -1.86411  -1.86433  -1.86446  -1.86454  -1.86459  -1.86462  -1.86459  -1.86454  -1.86446
0.77687 1.17034 1.40899 1.55374 1.64153 1.69478 1.72708 1.74667 1.75855 1.76576 1.77013 1.77278 1.77439 1.77537 1.77596 1.77632 1.77653 1.77667 1.77675 1.77679 1.77682 1.77679 1.77675 1.77667 1.77653 1.77632 1.77596 1.77537 1.77439 1.77278 1.77013 1.76576 1.75855 1.74667 1.72708 1.69478 1.64153 1.55374 1.40899 1.17034 -0.77687  -1.17034  -1.40899  -1.55374  -1.64153  -1.69478  -1.72708  -1.74667  -1.75855  -1.76576  -1.77013  -1.77278  -1.77439  -1.77537  -1.77596  -1.77632  -1.77653  -1.77667  -1.77675  -1.77679  -1.77682  -1.77679  -1.77675  -1.77667
0.63212 1.02559 1.26424 1.40899 1.49679 1.55004 1.58233 1.60192 1.6138  1.62101 1.62538 1.62803 1.62964 1.63062 1.63121 1.63157 1.63179 1.63192 1.632 1.63205 1.63208 1.63205 1.632 1.63192 1.63179 1.63157 1.63121 1.63062 1.62964 1.62803 1.62538 1.62101 1.6138  1.60192 1.58233 1.55004 1.49679 1.40899 1.26424 1.02559 -0.63212  -1.02559  -1.26424  -1.40899  -1.49679  -1.55004  -1.58233  -1.60192  -1.6138 -1.62101  -1.62538  -1.62803  -1.62964  -1.63062  -1.63121  -1.63157  -1.63179  -1.63192  -1.632  -1.63205  -1.63208  -1.63205  -1.632  -1.63192
0.39347 0.78694 1.02559 1.17034 1.25813 1.31138 1.34368 1.36327 1.37515 1.38236 1.38673 1.38938 1.39099 1.39197 1.39256 1.39292 1.39313 1.39327 1.39335 1.39339 1.39342 1.39339 1.39335 1.39327 1.39313 1.39292 1.39256 1.39197 1.39099 1.38938 1.38673 1.38236 1.37515 1.36327 1.34368 1.31138 1.25813 1.17034 1.02559 0.78694 -0.39347  -0.78694  -1.02559  -1.17034  -1.25813  -1.31138  -1.34368  -1.36327  -1.37515  -1.38236  -1.38673  -1.38938  -1.39099  -1.39197  -1.39256  -1.39292  -1.39313  -1.39327  -1.39335  -1.39339  -1.39342  -1.39339  -1.39335  -1.39327
0 -0.39347  -0.63212  -0.77687  -0.86466  -0.91792  -0.95021  -0.9698 -0.98168  -0.98889  -0.99326  -0.99591  -0.99752  -0.9985 -0.99909  -0.99945  -0.99966  -0.9998 -0.99988  -0.99993  -0.99995  -0.99993  -0.99988  -0.9998 -0.99966  -0.99945  -0.99909  -0.9985 -0.99752  -0.99591  -0.99326  -0.98889  -0.98168  -0.9698 -0.95021  -0.91792  -0.86466  -0.77687  -0.63212  -0.39347  0 0.39347 0.63212 0.77687 0.86466 0.91792 0.95021 0.9698  0.98168 0.98889 0.99326 0.99591 0.99752 0.9985  0.99909 0.99945 0.99966 0.9998  0.99988 0.99993 0.99995 0.99993 0.99988 0.9998
-0.39347  -0.78694  -1.02559  -1.17034  -1.25813  -1.31138  -1.34368  -1.36327  -1.37515  -1.38236  -1.38673  -1.38938  -1.39099  -1.39197  -1.39256  -1.39292  -1.39313  -1.39327  -1.39335  -1.39339  -1.39342  -1.39339  -1.39335  -1.39327  -1.39313  -1.39292  -1.39256  -1.39197  -1.39099  -1.38938  -1.38673  -1.38236  -1.37515  -1.36327  -1.34368  -1.31138  -1.25813  -1.17034  -1.02559  -0.78694  0.39347 0.78694 1.02559 1.17034 1.25813 1.31138 1.34368 1.36327 1.37515 1.38236 1.38673 1.38938 1.39099 1.39197 1.39256 1.39292 1.39313 1.39327 1.39335 1.39339 1.39342 1.39339 1.39335 1.39327
-0.63212  -1.02559  -1.26424  -1.40899  -1.49679  -1.55004  -1.58233  -1.60192  -1.6138 -1.62101  -1.62538  -1.62803  -1.62964  -1.63062  -1.63121  -1.63157  -1.63179  -1.63192  -1.632  -1.63205  -1.63208  -1.63205  -1.632  -1.63192  -1.63179  -1.63157  -1.63121  -1.63062  -1.62964  -1.62803  -1.62538  -1.62101  -1.6138 -1.60192  -1.58233  -1.55004  -1.49679  -1.40899  -1.26424  -1.02559  0.63212 1.02559 1.26424 1.40899 1.49679 1.55004 1.58233 1.60192 1.6138  1.62101 1.62538 1.62803 1.62964 1.63062 1.63121 1.63157 1.63179 1.63192 1.632 1.63205 1.63208 1.63205 1.632 1.63192
-0.77687  -1.17034  -1.40899  -1.55374  -1.64153  -1.69478  -1.72708  -1.74667  -1.75855  -1.76576  -1.77013  -1.77278  -1.77439  -1.77537  -1.77596  -1.77632  -1.77653  -1.77667  -1.77675  -1.77679  -1.77682  -1.77679  -1.77675  -1.77667  -1.77653  -1.77632  -1.77596  -1.77537  -1.77439  -1.77278  -1.77013  -1.76576  -1.75855  -1.74667  -1.72708  -1.69478  -1.64153  -1.55374  -1.40899  -1.17034  0.77687 1.17034 1.40899 1.55374 1.64153 1.69478 1.72708 1.74667 1.75855 1.76576 1.77013 1.77278 1.77439 1.77537 1.77596 1.77632 1.77653 1.77667 1.77675 1.77679 1.77682 1.77679 1.77675 1.77667
-0.86466  -1.25813  -1.49679  -1.64153  -1.72933  -1.78258  -1.81488  -1.83447  -1.84635  -1.85356  -1.85793  -1.86058  -1.86219  -1.86316  -1.86375  -1.86411  -1.86433  -1.86446  -1.86454  -1.86459  -1.86462  -1.86459  -1.86454  -1.86446  -1.86433  -1.86411  -1.86375  -1.86316  -1.86219  -1.86058  -1.85793  -1.85356  -1.84635  -1.83447  -1.81488  -1.78258  -1.72933  -1.64153  -1.49679  -1.25813  0.86466 1.25813 1.49679 1.64153 1.72933 1.78258 1.81488 1.83447 1.84635 1.85356 1.85793 1.86058 1.86219 1.86316 1.86375 1.86411 1.86433 1.86446 1.86454 1.86459 1.86462 1.86459 1.86454 1.86446
-0.91792  -1.31138  -1.55004  -1.69478  -1.78258  -1.83583  -1.86813  -1.88772  -1.8996 -1.90681  -1.91118  -1.91383  -1.91544  -1.91641  -1.917  -1.91736  -1.91758  -1.91771  -1.91779  -1.91784  -1.91787  -1.91784  -1.91779  -1.91771  -1.91758  -1.91736  -1.917  -1.91641  -1.91544  -1.91383  -1.91118  -1.90681  -1.8996 -1.88772  -1.86813  -1.83583  -1.78258  -1.69478  -1.55004  -1.31138  0.91792 1.31138 1.55004 1.69478 1.78258 1.83583 1.86813 1.88772 1.8996  1.90681 1.91118 1.91383 1.91544 1.91641 1.917 1.91736 1.91758 1.91771 1.91779 1.91784 1.91787 1.91784 1.91779 1.91771
-0.95021  -1.34368  -1.58233  -1.72708  -1.81488  -1.86813  -1.90043  -1.92002  -1.9319 -1.9391 -1.94347  -1.94613  -1.94773  -1.94871  -1.9493 -1.94966  -1.94988  -1.95001  -1.95009  -1.95014  -1.95017  -1.95014  -1.95009  -1.95001  -1.94988  -1.94966  -1.9493 -1.94871  -1.94773  -1.94613  -1.94347  -1.9391 -1.9319 -1.92002  -1.90043  -1.86813  -1.81488  -1.72708  -1.58233  -1.34368  0.95021 1.34368 1.58233 1.72708 1.81488 1.86813 1.90043 1.92002 1.9319  1.9391  1.94347 1.94613 1.94773 1.94871 1.9493  1.94966 1.94988 1.95001 1.95009 1.95014 1.95017 1.95014 1.95009 1.95001
-0.9698 -1.36327  -1.60192  -1.74667  -1.83447  -1.88772  -1.92002  -1.93961  -1.95149  -1.95869  -1.96306  -1.96572  -1.96732  -1.9683 -1.96889  -1.96925  -1.96947  -1.9696 -1.96968  -1.96973  -1.96976  -1.96973  -1.96968  -1.9696 -1.96947  -1.96925  -1.96889  -1.9683 -1.96732  -1.96572  -1.96306  -1.95869  -1.95149  -1.93961  -1.92002  -1.88772  -1.83447  -1.74667  -1.60192  -1.36327  0.9698  1.36327 1.60192 1.74667 1.83447 1.88772 1.92002 1.93961 1.95149 1.95869 1.96306 1.96572 1.96732 1.9683  1.96889 1.96925 1.96947 1.9696  1.96968 1.96973 1.96976 1.96973 1.96968 1.9696
-0.98168  -1.37515  -1.6138 -1.75855  -1.84635  -1.8996 -1.9319 -1.95149  -1.96337  -1.97058  -1.97495  -1.9776 -1.97921  -1.98018  -1.98077  -1.98113  -1.98135  -1.98148  -1.98156  -1.98161  -1.98164  -1.98161  -1.98156  -1.98148  -1.98135  -1.98113  -1.98077  -1.98018  -1.97921  -1.9776 -1.97495  -1.97058  -1.96337  -1.95149  -1.9319 -1.8996 -1.84635  -1.75855  -1.6138 -1.37515  0.98168 1.37515 1.6138  1.75855 1.84635 1.8996  1.9319  1.95149 1.96337 1.97058 1.97495 1.9776  1.97921 1.98018 1.98077 1.98113 1.98135 1.98148 1.98156 1.98161 1.98164 1.98161 1.98156 1.98148
-0.9698 -1.36327  -1.60192  -1.74667  -1.83447  -1.88772  -1.92002  -1.93961  -1.95149  -1.95869  -1.96306  -1.96572  -1.96732  -1.9683 -1.96889  -1.96925  -1.96947  -1.9696 -1.96968  -1.96973  -1.96976  -1.96973  -1.96968  -1.9696 -1.96947  -1.96925  -1.96889  -1.9683 -1.96732  -1.96572  -1.96306  -1.95869  -1.95149  -1.93961  -1.92002  -1.88772  -1.83447  -1.74667  -1.60192  -1.36327  0.9698  1.36327 1.60192 1.74667 1.83447 1.88772 1.92002 1.93961 1.95149 1.95869 1.96306 1.96572 1.96732 1.9683  1.96889 1.96925 1.96947 1.9696  1.96968 1.96973 1.96976 1.96973 1.96968 1.9696
-0.95021  -1.34368  -1.58233  -1.72708  -1.81488  -1.86813  -1.90043  -1.92002  -1.9319 -1.9391 -1.94347  -1.94613  -1.94773  -1.94871  -1.9493 -1.94966  -1.94988  -1.95001  -1.95009  -1.95014  -1.95017  -1.95014  -1.95009  -1.95001  -1.94988  -1.94966  -1.9493 -1.94871  -1.94773  -1.94613  -1.94347  -1.9391 -1.9319 -1.92002  -1.90043  -1.86813  -1.81488  -1.72708  -1.58233  -1.34368  0.95021 1.34368 1.58233 1.72708 1.81488 1.86813 1.90043 1.92002 1.9319  1.9391  1.94347 1.94613 1.94773 1.94871 1.9493  1.94966 1.94988 1.95001 1.95009 1.95014 1.95017 1.95014 1.95009 1.95001
-0.91792  -1.31138  -1.55004  -1.69478  -1.78258  -1.83583  -1.86813  -1.88772  -1.8996 -1.90681  -1.91118  -1.91383  -1.91544  -1.91641  -1.917  -1.91736  -1.91758  -1.91771  -1.91779  -1.91784  -1.91787  -1.91784  -1.91779  -1.91771  -1.91758  -1.91736  -1.917  -1.91641  -1.91544  -1.91383  -1.91118  -1.90681  -1.8996 -1.88772  -1.86813  -1.83583  -1.78258  -1.69478  -1.55004  -1.31138  0.91792 1.31138 1.55004 1.69478 1.78258 1.83583 1.86813 1.88772 1.8996  1.90681 1.91118 1.91383 1.91544 1.91641 1.917 1.91736 1.91758 1.91771 1.91779 1.91784 1.91787 1.91784 1.91779 1.91771
-0.86466  -1.25813  -1.49679  -1.64153  -1.72933  -1.78258  -1.81488  -1.83447  -1.84635  -1.85356  -1.85793  -1.86058  -1.86219  -1.86316  -1.86375  -1.86411  -1.86433  -1.86446  -1.86454  -1.86459  -1.86462  -1.86459  -1.86454  -1.86446  -1.86433  -1.86411  -1.86375  -1.86316  -1.86219  -1.86058  -1.85793  -1.85356  -1.84635  -1.83447  -1.81488  -1.78258  -1.72933  -1.64153  -1.49679  -1.25813  0.86466 1.25813 1.49679 1.64153 1.72933 1.78258 1.81488 1.83447 1.84635 1.85356 1.85793 1.86058 1.86219 1.86316 1.86375 1.86411 1.86433 1.86446 1.86454 1.86459 1.86462 1.86459 1.86454 1.86446
-0.77687  -1.17034  -1.40899  -1.55374  -1.64153  -1.69478  -1.72708  -1.74667  -1.75855  -1.76576  -1.77013  -1.77278  -1.77439  -1.77537  -1.77596  -1.77632  -1.77653  -1.77667  -1.77675  -1.77679  -1.77682  -1.77679  -1.77675  -1.77667  -1.77653  -1.77632  -1.77596  -1.77537  -1.77439  -1.77278  -1.77013  -1.76576  -1.75855  -1.74667  -1.72708  -1.69478  -1.64153  -1.55374  -1.40899  -1.17034  0.77687 1.17034 1.40899 1.55374 1.64153 1.69478 1.72708 1.74667 1.75855 1.76576 1.77013 1.77278 1.77439 1.77537 1.77596 1.77632 1.77653 1.77667 1.77675 1.77679 1.77682 1.77679 1.77675 1.77667
-0.63212  -1.02559  -1.26424  -1.40899  -1.49679  -1.55004  -1.58233  -1.60192  -1.6138 -1.62101  -1.62538  -1.62803  -1.62964  -1.63062  -1.63121  -1.63157  -1.63179  -1.63192  -1.632  -1.63205  -1.63208  -1.63205  -1.632  -1.63192  -1.63179  -1.63157  -1.63121  -1.63062  -1.62964  -1.62803  -1.62538  -1.62101  -1.6138 -1.60192  -1.58233  -1.55004  -1.49679  -1.40899  -1.26424  -1.02559  0.63212 1.02559 1.26424 1.40899 1.49679 1.55004 1.58233 1.60192 1.6138  1.62101 1.62538 1.62803 1.62964 1.63062 1.63121 1.63157 1.63179 1.63192 1.632 1.63205 1.63208 1.63205 1.632 1.63192
-0.39347  -0.78694  -1.02559  -1.17034  -1.25813  -1.31138  -1.34368  -1.36327  -1.37515  -1.38236  -1.38673  -1.38938  -1.39099  -1.39197  -1.39256  -1.39292  -1.39313  -1.39327  -1.39335  -1.39339  -1.39342  -1.39339  -1.39335  -1.39327  -1.39313  -1.39292  -1.39256  -1.39197  -1.39099  -1.38938  -1.38673  -1.38236  -1.37515  -1.36327  -1.34368  -1.31138  -1.25813  -1.17034  -1.02559  -0.78694  0.39347 0.78694 1.02559 1.17034 1.25813 1.31138 1.34368 1.36327 1.37515 1.38236 1.38673 1.38938 1.39099 1.39197 1.39256 1.39292 1.39313 1.39327 1.39335 1.39339 1.39342 1.39339 1.39335 1.39327
0 0.39347 0.63212 0.77687 0.86466 0.91792 0.95021 0.9698  0.98168 0.98889 0.99326 0.99591 0.99752 0.9985  0.99909 0.99945 0.99966 0.9998  0.99988 0.99993 0.99995 0.99993 0.99988 0.9998  0.99966 0.99945 0.99909 0.9985  0.99752 0.99591 0.99326 0.98889 0.98168 0.9698  0.95021 0.91792 0.86466 0.77687 0.63212 0.39347 0 -0.39347  -0.63212  -0.77687  -0.86466  -0.91792  -0.95021  -0.9698 -0.98168  -0.98889  -0.99326  -0.99591  -0.99752  -0.9985 -0.99909  -0.99945  -0.99966  -0.9998 -0.99988  -0.99993  -0.99995  -0.99993  -0.99988  -0.9998
0.39347 0.78694 1.02559 1.17034 1.25813 1.31138 1.34368 1.36327 1.37515 1.38236 1.38673 1.38938 1.39099 1.39197 1.39256 1.39292 1.39313 1.39327 1.39335 1.39339 1.39342 1.39339 1.39335 1.39327 1.39313 1.39292 1.39256 1.39197 1.39099 1.38938 1.38673 1.38236 1.37515 1.36327 1.34368 1.31138 1.25813 1.17034 1.02559 0.78694 -0.39347  -0.78694  -1.02559  -1.17034  -1.25813  -1.31138  -1.34368  -1.36327  -1.37515  -1.38236  -1.38673  -1.38938  -1.39099  -1.39197  -1.39256  -1.39292  -1.39313  -1.39327  -1.39335  -1.39339  -1.39342  -1.39339  -1.39335  -1.39327
0.63212 1.02559 1.26424 1.40899 1.49679 1.55004 1.58233 1.60192 1.6138  1.62101 1.62538 1.62803 1.62964 1.63062 1.63121 1.63157 1.63179 1.63192 1.632 1.63205 1.63208 1.63205 1.632 1.63192 1.63179 1.63157 1.63121 1.63062 1.62964 1.62803 1.62538 1.62101 1.6138  1.60192 1.58233 1.55004 1.49679 1.40899 1.26424 1.02559 -0.63212  -1.02559  -1.26424  -1.40899  -1.49679  -1.55004  -1.58233  -1.60192  -1.6138 -1.62101  -1.62538  -1.62803  -1.62964  -1.63062  -1.63121  -1.63157  -1.63179  -1.63192  -1.632  -1.63205  -1.63208  -1.63205  -1.632  -1.63192
0.77687 1.17034 1.40899 1.55374 1.64153 1.69478 1.72708 1.74667 1.75855 1.76576 1.77013 1.77278 1.77439 1.77537 1.77596 1.77632 1.77653 1.77667 1.77675 1.77679 1.77682 1.77679 1.77675 1.77667 1.77653 1.77632 1.77596 1.77537 1.77439 1.77278 1.77013 1.76576 1.75855 1.74667 1.72708 1.69478 1.64153 1.55374 1.40899 1.17034 -0.77687  -1.17034  -1.40899  -1.55374  -1.64153  -1.69478  -1.72708  -1.74667  -1.75855  -1.76576  -1.77013  -1.77278  -1.77439  -1.77537  -1.77596  -1.77632  -1.77653  -1.77667  -1.77675  -1.77679  -1.77682  -1.77679  -1.77675  -1.77667
0.86466 1.25813 1.49679 1.64153 1.72933 1.78258 1.81488 1.83447 1.84635 1.85356 1.85793 1.86058 1.86219 1.86316 1.86375 1.86411 1.86433 1.86446 1.86454 1.86459 1.86462 1.86459 1.86454 1.86446 1.86433 1.86411 1.86375 1.86316 1.86219 1.86058 1.85793 1.85356 1.84635 1.83447 1.81488 1.78258 1.72933 1.64153 1.49679 1.25813 -0.86466  -1.25813  -1.49679  -1.64153  -1.72933  -1.78258  -1.81488  -1.83447  -1.84635  -1.85356  -1.85793  -1.86058  -1.86219  -1.86316  -1.86375  -1.86411  -1.86433  -1.86446  -1.86454  -1.86459  -1.86462  -1.86459  -1.86454  -1.86446
0.91792 1.31138 1.55004 1.69478 1.78258 1.83583 1.86813 1.88772 1.8996  1.90681 1.91118 1.91383 1.91544 1.91641 1.917 1.91736 1.91758 1.91771 1.91779 1.91784 1.91787 1.91784 1.91779 1.91771 1.91758 1.91736 1.917 1.91641 1.91544 1.91383 1.91118 1.90681 1.8996  1.88772 1.86813 1.83583 1.78258 1.69478 1.55004 1.31138 -0.91792  -1.31138  -1.55004  -1.69478  -1.78258  -1.83583  -1.86813  -1.88772  -1.8996 -1.90681  -1.91118  -1.91383  -1.91544  -1.91641  -1.917  -1.91736  -1.91758  -1.91771  -1.91779  -1.91784  -1.91787  -1.91784  -1.91779  -1.91771
0.95021 1.34368 1.58233 1.72708 1.81488 1.86813 1.90043 1.92002 1.9319  1.9391  1.94347 1.94613 1.94773 1.94871 1.9493  1.94966 1.94988 1.95001 1.95009 1.95014 1.95017 1.95014 1.95009 1.95001 1.94988 1.94966 1.9493  1.94871 1.94773 1.94613 1.94347 1.9391  1.9319  1.92002 1.90043 1.86813 1.81488 1.72708 1.58233 1.34368 -0.95021  -1.34368  -1.58233  -1.72708  -1.81488  -1.86813  -1.90043  -1.92002  -1.9319 -1.9391 -1.94347  -1.94613  -1.94773  -1.94871  -1.9493 -1.94966  -1.94988  -1.95001  -1.95009  -1.95014  -1.95017  -1.95014  -1.95009  -1.95001
0.9698  1.36327 1.60192 1.74667 1.83447 1.88772 1.92002 1.93961 1.95149 1.95869 1.96306 1.96572 1.96732 1.9683  1.96889 1.96925 1.96947 1.9696  1.96968 1.96973 1.96976 1.96973 1.96968 1.9696  1.96947 1.96925 1.96889 1.9683  1.96732 1.96572 1.96306 1.95869 1.95149 1.93961 1.92002 1.88772 1.83447 1.74667 1.60192 1.36327 -0.9698 -1.36327  -1.60192  -1.74667  -1.83447  -1.88772  -1.92002  -1.93961  -1.95149  -1.95869  -1.96306  -1.96572  -1.96732  -1.9683 -1.96889  -1.96925  -1.96947  -1.9696 -1.96968  -1.96973  -1.96976  -1.96973  -1.96968  -1.9696
0.98168 1.37515 1.6138  1.75855 1.84635 1.8996  1.9319  1.95149 1.96337 1.97058 1.97495 1.9776  1.97921 1.98018 1.98077 1.98113 1.98135 1.98148 1.98156 1.98161 1.98164 1.98161 1.98156 1.98148 1.98135 1.98113 1.98077 1.98018 1.97921 1.9776  1.97495 1.97058 1.96337 1.95149 1.9319  1.8996  1.84635 1.75855 1.6138  1.37515 -0.98168  -1.37515  -1.6138 -1.75855  -1.84635  -1.8996 -1.9319 -1.95149  -1.96337  -1.97058  -1.97495  -1.9776 -1.97921  -1.98018  -1.98077  -1.98113  -1.98135  -1.98148  -1.98156  -1.98161  -1.98164  -1.98161  -1.98156  -1.98148
0.9698  1.36327 1.60192 1.74667 1.83447 1.88772 1.92002 1.93961 1.95149 1.95869 1.96306 1.96572 1.96732 1.9683  1.96889 1.96925 1.96947 1.9696  1.96968 1.96973 1.96976 1.96973 1.96968 1.9696  1.96947 1.96925 1.96889 1.9683  1.96732 1.96572 1.96306 1.95869 1.95149 1.93961 1.92002 1.88772 1.83447 1.74667 1.60192 1.36327 -0.9698 -1.36327  -1.60192  -1.74667  -1.83447  -1.88772  -1.92002  -1.93961  -1.95149  -1.95869  -1.96306  -1.96572  -1.96732  -1.9683 -1.96889  -1.96925  -1.96947  -1.9696 -1.96968  -1.96973  -1.96976  -1.96973  -1.96968  -1.9696
0.95021 1.34368 1.58233 1.72708 1.81488 1.86813 1.90043 1.92002 1.9319  1.9391  1.94347 1.94613 1.94773 1.94871 1.9493  1.94966 1.94988 1.95001 1.95009 1.95014 1.95017 1.95014 1.95009 1.95001 1.94988 1.94966 1.9493  1.94871 1.94773 1.94613 1.94347 1.9391  1.9319  1.92002 1.90043 1.86813 1.81488 1.72708 1.58233 1.34368 -0.95021  -1.34368  -1.58233  -1.72708  -1.81488  -1.86813  -1.90043  -1.92002  -1.9319 -1.9391 -1.94347  -1.94613  -1.94773  -1.94871  -1.9493 -1.94966  -1.94988  -1.95001  -1.95009  -1.95014  -1.95017  -1.95014  -1.95009  -1.95001
0.91792 1.31138 1.55004 1.69478 1.78258 1.83583 1.86813 1.88772 1.8996  1.90681 1.91118 1.91383 1.91544 1.91641 1.917 1.91736 1.91758 1.91771 1.91779 1.91784 1.91787 1.91784 1.91779 1.91771 1.91758 1.91736 1.917 1.91641 1.91544 1.91383 1.91118 1.90681 1.8996  1.88772 1.86813 1.83583 1.78258 1.69478 1.55004 1.31138 -0.91792  -1.31138  -1.55004  -1.69478  -1.78258  -1.83583  -1.86813  -1.88772  -1.8996 -1.90681  -1.91118  -1.91383  -1.91544  -1.91641  -1.917  -1.91736  -1.91758  -1.91771  -1.91779  -1.91784  -1.91787  -1.91784  -1.91779  -1.91771
0.86466 1.25813 1.49679 1.64153 1.72933 1.78258 1.81488 1.83447 1.84635 1.85356 1.85793 1.86058 1.86219 1.86316 1.86375 1.86411 1.86433 1.86446 1.86454 1.86459 1.86462 1.86459 1.86454 1.86446 1.86433 1.86411 1.86375 1.86316 1.86219 1.86058 1.85793 1.85356 1.84635 1.83447 1.81488 1.78258 1.72933 1.64153 1.49679 1.25813 -0.86466  -1.25813  -1.49679  -1.64153  -1.72933  -1.78258  -1.81488  -1.83447  -1.84635  -1.85356  -1.85793  -1.86058  -1.86219  -1.86316  -1.86375  -1.86411  -1.86433  -1.86446  -1.86454  -1.86459  -1.86462  -1.86459  -1.86454  -1.86446
0.77687 1.17034 1.40899 1.55374 1.64153 1.69478 1.72708 1.74667 1.75855 1.76576 1.77013 1.77278 1.77439 1.77537 1.77596 1.77632 1.77653 1.77667 1.77675 1.77679 1.77682 1.77679 1.77675 1.77667 1.77653 1.77632 1.77596 1.77537 1.77439 1.77278 1.77013 1.76576 1.75855 1.74667 1.72708 1.69478 1.64153 1.55374 1.40899 1.17034 -0.77687  -1.17034  -1.40899  -1.55374  -1.64153  -1.69478  -1.72708  -1.74667  -1.75855  -1.76576  -1.77013  -1.77278  -1.77439  -1.77537  -1.77596  -1.77632  -1.77653  -1.77667  -1.77675  -1.77679  -1.77682  -1.77679  -1.77675  -1.77667
0.63212 1.02559 1.26424 1.40899 1.49679 1.55004 1.58233 1.60192 1.6138  1.62101 1.62538 1.62803 1.62964 1.63062 1.63121 1.63157 1.63179 1.63192 1.632 1.63205 1.63208 1.63205 1.632 1.63192 1.63179 1.63157 1.63121 1.63062 1.62964 1.62803 1.62538 1.62101 1.6138  1.60192 1.58233 1.55004 1.49679 1.40899 1.26424 1.02559 -0.63212  -1.02559  -1.26424  -1.40899  -1.49679  -1.55004  -1.58233  -1.60192  -1.6138 -1.62101  -1.62538  -1.62803  -1.62964  -1.63062  -1.63121  -1.63157  -1.63179  -1.63192  -1.632  -1.63205  -1.63208  -1.63205  -1.632  -1.63192
0.39347 0.78694 1.02559 1.17034 1.25813 1.31138 1.34368 1.36327 1.37515 1.38236 1.38673 1.38938 1.39099 1.39197 1.39256 1.39292 1.39313 1.39327 1.39335 1.39339 1.39342 1.39339 1.39335 1.39327 1.39313 1.39292 1.39256 1.39197 1.39099 1.38938 1.38673 1.38236 1.37515 1.36327 1.34368 1.31138 1.25813 1.17034 1.02559 0.78694 -0.39347  -0.78694  -1.02559  -1.17034  -1.25813  -1.31138  -1.34368  -1.36327  -1.37515  -1.38236  -1.38673  -1.38938  -1.39099  -1.39197  -1.39256  -1.39292  -1.39313  -1.39327  -1.39335  -1.39339  -1.39342  -1.39339  -1.39335  -1.39327
